46636
82035
2772
48369
39721
17947
865
74775
96806
27663
15529
18107
80519
87575
37398
72011
17122
54917
4219
6260
77602
72475
33276
73154
34348
65853
96740
1751
41476
25616
44051
11291
64178
96750
41343
19077
98643
63211
44243
23490
88678
63495
65755
11575
92700
96213
62120
77042
7131
65735
30339
48642
87553
78378
87569
78532
34800
31745
39416
91888
87300
22344
3237
79047
15648
82491
51370
21599
99193
47293
328
76311
27045
60604
50507
91292
86596
48000
32343
79109
64917
90132
14998
57592
38509
60324
89218
14930
73597
93352
35663
98745
64073
62349
6394
3386
46967
22618
46897
66627
72546
79390
87184
19217
58171
88434
71512
27789
51334
44010
83730
60229
6381
40471
26726
10748
40161
33399
48718
45683
16012
96905
78387
65851
51394
28408
69109
25631
96345
15757
10657
71858
77983
45889
22291
40211
81537
13264
83500
98142
73101
26824
28571
77315
69040
62451
482
53637
75365
24253
89288
40568
36300
68375
79686
12988
19845
75212
85315
54415
59721
31269
56849
67470
40015
33547
24654
68969
64660
46959
66681
91346
25577
14460
34170
82338
2948
60788
93772
86167
85104
25195
16048
88279
52357
99985
9919
28161
10546
25887
60692
67380
9590
90162
11925
55029
34917
96132
4738
44165
53374
79724
31405
69940
67100
79047
66737
98831
13707
71000
38833
48223
58036
12735
75399
24556
35035
14347
72696
2374
29531
91886
79629
69089
39713
93325
1237
573
77810
63684
21069
52700
48858
13299
16742
11100
79130
114
11641
86758
1482
86178
47259
69846
34880
52077
92935
40982
79001
50338
36361
5059
75048
37094
89028
38102
43806
88109
43236
94999
74373
34653
95073
80005
19642
46410
82506
85031
35441
50467
42703
89833
93809
95716
97768
85371
23910
11532
79734
5876
20275
99589
73436
71365
56961
87061
65517
73722
27390
36653
24147
12680
75414
85232
79224
73592
67375
66470
84381
28761
55219
89476
12399
7236
96988
94128
55653
63857
64675
68807
87871
67588
47568
92999
27108
39213
83471
29206
41338
88571
21814
59104
74188
50089
52423
32567
95467
77034
95085
63571
91991
82587
48372
61364
49163
48134
45087
35044
41404
70655
75939
59307
57575
49539
36108
87179
51314
82321
53158
642
96170
72940
87905
96922
64962
7335
4943
61554
6183
96396
43570
7366
3352
90932
48759
85591
54367
64260
5063
86809
21937
28206
53706
86832
73411
83654
29535
27537
5549
69973
40650
74712
56321
77696
95817
21957
6828
84509
88287
41463
25446
3241
92460
92935
16129
31725
85809
9217
71654
72593
8934
37616
75891
32164
95061
45
65996
49340
35204
38822
58596
36365
67569
75124
7777
86060
56813
95015
27066
78933
92197
480
69217
83491
51645
24323
82344
39854
20143
71556
5457
67652
92656
93570
86004
53894
44325
23075
82360
35339
92897
33618
99082
39802
76528
4693
99865
27333
40004
35796
96166
61702
73429
32440
71943
81330
6917
13655
74190
30903
88702
41568
95008
97868
51721
65293
54721
88308
5921
89291
26607
11661
84328
1189
32932
23621
11325
49806
33924
5081
38087
75263
35474
38992
46700
67915
57429
60100
45827
2049
17430
87267
76524
88657
63411
99128
67113
77216
46677
46694
51073
79908
24865
8433
70976
50147
60392
77828
29171
78293
22038
53906
32629
96033
38137
37755
51419
20623
31276
29142
42081
80971
47644
56839
59477
1400
8770
44398
3519
80587
783
7340
2478
73443
72539
39732
73069
4728
75051
33551
68444
22128
52825
88819
27576
44493
38021
2293
34759
11066
48068
30967
26675
66586
91334
59339
6500
3891
79573
66507
28827
6414
56779
17354
5645
13406
24831
74532
57584
61406
39582
92902
89495
54945
50112
94677
62479
65850
28871
4434
24436
35176
96932
8546
91396
3356
98818
21547
6458
94239
71416
84898
60017
53702
47796
36217
84992
8189
34198
85211
73428
19764
22878
25226
56218
79224
73245
16900
37229
11253
67916
22245
65992
58413
93144
6943
45654
55511
43731
56917
24884
89201
55183
3322
79840
82105
86527
61057
82514
43558
86349
84798
47406
98691
88301
52253
58203
34207
96598
19807
98727
75467
69203
29220
90354
81957
28424
39553
96173
5527
61936
32807
58259
63003
23761
31467
25081
40710
23609
25178
27546
80586
43843
75803
83079
67186
34185
42591
36342
30119
28798
16248
49811
46969
34882
72034
6257
74524
96426
22303
68944
50106
88946
39211
82656
79712
6363
43901
59109
47540
10568
78442
13213
43414
77894
79911
6786
36658
86141
2030
21650
75576
8104
71979
79220
56345
69215
36237
22870
22370
77118
69403
55541
68255
52239
11640
24818
23584
38469
11874
70471
6078
45303
45793
71645
39231
2850
82010
63455
22862
26079
29282
68615
56093
35553
67427
22843
53939
19299
77263
64175
42485
76318
97463
21761
16533
1742
73264
31476
20742
6266
23740
33288
86178
15825
51833
97526
62737
41182
28530
40930
85332
72351
89482
48070
8404
59168
35381
7153
24359
30544
64745
9325
50130
65945
49592
78929
65160
53664
52696
10924
74229
85325
63028
93915
75661
13976
14386
39243
44220
51438
80780
58298
6184
92896
44399
47132
93305
86401
72671
7961
9085
49130
63954
20163
93567
1030
91427
34145
61936
58255
75553
28673
76536
67856
37146
24414
91791
65333
8849
1350
90434
94218
79236
13769
42513
58669
2795
88890
27928
59000
61379
5499
77203
6505
79926
62453
85727
763
45179
25455
58524
12541
99321
99167
2767
11784
772
13705
64447
81046
29280
62626
10502
90402
68467
98182
67973
46992
15564
30905
63322
20747
40105
55364
6731
64884
43954
19992
77017
26145
20671
36549
88997
56531
67957
75871
1051
44966
9516
25355
25684
51710
43656
71506
25787
75672
25677
995
9432
18889
44946
59492
38510
89762
69021
41169
89239
21553
70741
571
43275
93934
94759
15194
68631
75770
75846
18862
19218
22235
50604
3031
55722
43133
41330
44642
70798
92722
7903
49592
2732
14720
32554
34010
71294
53698
33320
16724
14604
59935
38105
47084
44312
73817
19588
86556
18371
7504
61853
7982
47524
62284
53951
17127
45398
6280
38724
20769
81015
90676
45995
63299
81563
83808
90319
98644
56409
71362
84180
17335
67176
95405
62407
48923
3986
10606
14619
11414
45962
37409
88485
3395
39731
69933
96571
98432
50800
95210
91328
75622
13448
36370
96588
79473
87912
57863
14052
94736
49060
92607
42662
69062
31755
46730
69904
30151
82283
59814
84616
209
27949
27800
76228
9363
20920
19187
95380
67868
9093
81120
93824
75030
34231
47337
70987
91398
2958
71749
67446
28112
65923
29875
78877
93042
68024
60900
12880
73054
12580
87423
28982
91457
99129
19576
28566
54448
16662
92236
82006
69231
15040
41225
90358
91562
94322
65362
44581
57374
16681
98086
40123
17765
44683
41485
74579
71065
86479
81492
68389
18628
58743
45998
30017
87527
47544
32722
96013
92123
60681
78099
79044
65929
85277
22882
88775
30837
6278
56603
42054
75319
28746
95893
26091
66388
92143
26211
12948
99626
8115
78781
64277
44092
3851
77558
21746
19830
67611
29563
38545
9869
35088
92394
52055
67874
84564
57304
74797
77897
72498
90236
59781
67957
3585
16582
77311
92505
59600
50093
68228
74349
57276
41981
78373
62379
45851
60928
13760
20413
76206
28128
4215
27834
45309
18762
11932
66877
37478
86495
66548
38496
64148
81037
60580
45705
98605
31446
8117
63346
35109
40375
6904
58345
30051
95074
9821
83293
8393
62993
77161
41162
95966
35424
87112
6617
78116
62046
26383
62508
97776
82822
59221
41788
17877
75291
18480
57912
73000
35385
58118
50785
78289
62935
99189
19400
69392
83364
63937
66481
70378
24060
23125
41327
56973
93885
86489
2217
20647
77879
55902
84859
35540
56627
1623
28150
6234
96319
95450
12604
4215
32919
16842
48117
24842
2534
42481
37918
94731
26010
43474
67480
6326
16862
64593
43084
447
5719
33962
84601
93862
31332
51747
73585
79624
27538
73611
55387
62480
63347
49723
86258
44343
9146
60018
16108
77164
55765
15977
4080
8485
1357
41674
51934
54227
56461
86030
64817
76262
61372
59973
51370
27051
64994
53796
79193
8421
75983
20047
97815
32123
63596
57260
94776
15147
86446
4328
18621
62148
27871
78218
25561
26956
12400
34589
10033
83717
75028
93311
23046
79059
88357
12283
33529
15513
87931
12144
79367
77271
99019
69762
91100
41697
78472
74856
3962
9484
30061
58349
71165
92190
31205
67302
70799
29106
13208
93108
13189
8826
27977
77558
92882
42847
61384
25029
79908
31099
86612
90908
1215
73830
35731
36110
26050
70397
9229
49962
66867
46195
67292
51158
36130
21046
3041
50775
28204
30818
17711
82188
82716
42268
63228
52197
19806
12575
54125
95101
68845
54769
73961
26086
32249
58791
51124
88956
20500
77099
86360
1864
19283
94315
56510
85643
83246
62756
62973
14841
34834
3305
81930
74548
3370
19707
74741
67575
30845
62672
8422
44544
72421
78523
47422
53004
64841
30636
19569
90328
79187
69075
42744
51891
15594
38138
73001
98437
33170
59464
28390
5934
30319
94565
57025
69163
72860
80509
11910
15027
83859
34592
48997
87977
20622
81711
83800
41422
67108
40845
65308
53773
14265
50875
99968
66839
14377
58391
4577
2571
46962
33179
9349
27830
99879
52470
81765
61216
70781
97483
18691
68215
24695
44325
36083
12946
31331
48862
21011
58092
7749
11035
78761
86339
63236
81875
96959
89748
3369
90928
36936
15345
17
99580
94551
60814
8664
93609
51283
29516
48736
51776
81203
73400
80255
89220
82721
65138
85021
15175
49751
46564
23477
69513
80006
61660
82076
54309
34007
49216
62674
35324
80310
62101
31056
63967
1756
63027
63201
9604
28398
42034
42977
95030
55695
25244
88352
55200
94821
17718
34298
93925
35021
64654
57586
96640
45999
95061
1074
93310
84625
71942
24835
61543
88881
85887
90811
4344
17716
41242
30405
93115
6545
37599
85515
97076
33808
12542
25112
70828
26698
55077
75009
36668
62519
33691
1137
25927
23238
44993
35151
47780
90228
91486
45265
14981
71746
45019
74280
44908
96371
99345
62132
36888
53674
32709
32931
58302
82342
8295
96530
28564
61387
79452
44267
18564
46792
19062
68230
30070
28935
5480
5140
52284
70010
28529
58519
47256
54888
57916
14530
31679
28564
14043
306
19241
67402
25560
97577
76385
25395
8431
40462
9743
85124
83883
69000
64478
78835
20220
14283
28031
73119
38789
16002
27293
28041
84598
24595
94084
45876
89912
51695
69664
76402
79730
95097
11154
35743
29171
83714
88577
69470
66009
87747
8873
56749
98386
36386
24188
92808
66912
42373
24322
76771
75942
9922
98684
90019
78860
50032
99259
93849
76451
37393
74646
37215
54431
34402
91000
24138
50541
44057
29159
99397
61459
41323
56790
96074
91139
96007
4816
41158
82341
6026
81877
64966
55397
61734
84058
20644
95069
46670
28973
56998
64945
3537
94740
11189
93120
48777
38607
93332
79708
2315
98001
61947
48240
26115
82715
36266
31837
1901
57182
15028
83453
70889
37975
79018
96139
16211
76565
50320
15673
39683
71057
79321
77044
72613
87328
20179
55676
25846
49130
57379
99571
2439
5853
10454
45069
21397
88447
71762
93961
35833
85796
65586
88681
48138
6617
47647
74605
72519
57808
83921
13237
15621
25913
38647
12086
82610
87814
45293
67307
52033
25864
89649
34303
86425
11097
56174
77704
31868
21081
81628
46811
29764
60653
247
67957
5245
47441
87889
52038
44092
14630
82021
68906
76623
13852
58691
8411
91638
17281
69893
86636
45751
30559
83458
90212
11661
32049
41415
84609
73292
91164
42216
56143
58433
32603
43038
468
87768
86597
15425
97564
22642
81047
76377
51503
55205
93925
25842
99774
95980
61231
34431
41992
57377
35952
25692
67773
65911
86556
85748
75130
56308
58342
11157
68455
27940
62841
88419
93699
28000
18905
54269
12727
83153
85846
37182
30397
66974
39681
83743
96558
61714
31739
81723
4335
48492
17264
82362
20281
30518
14283
7331
12111
5899
44720
73235
24774
13671
62629
20500
68387
37138
21888
81459
91204
38579
53300
77504
35528
21222
42671
23208
85773
80591
77420
37893
89107
63052
23640
60928
80506
20637
48436
70553
69340
89740
21049
68799
90611
63121
93091
64044
83546
68484
33189
39815
4399
18629
94194
90489
57471
41446
44426
71740
50413
25660
93010
59314
90698
67682
13810
42554
59312
59961
18343
93092
75765
41992
95894
71922
17076
97500
11749
58372
1326
49708
67133
972
67750
24883
55120
8266
68171
30377
84988
53141
31855
3043
1911
39023
82379
47590
9546
12167
93498
51092
15572
37683
78085
34047
64637
26653
16332
4760
13437
55757
94019
16107
74965
60502
39506
50890
29331
41710
3883
77317
69926
96751
57697
34383
79049
89245
9930
79848
43992
15221
31301
60639
25374
72877
57359
33523
44184
54427
1595
52950
10122
1764
39070
25963
93563
12148
64407
17084
8221
13651
60082
51325
90099
32284
80858
92327
12714
28545
36056
31801
23888
86841
76101
81714
56678
56902
9287
48611
92783
75819
9080
77257
38438
25510
26876
89101
43348
7842
46164
31022
44692
51664
6792
78536
55172
86715
99964
9628
14080
85984
928
65391
59215
99679
50585
65212
33020
85106
83349
53783
79928
3681
21910
64657
46388
23403
93460
45160
548
20996
98621
73173
60693
27609
37540
56120
16287
8587
88718
95758
54336
7858
98405
52621
79307
46820
17507
85949
37931
97154
54066
54055
92355
93247
9880
46494
31343
7065
94487
51379
27996
48374
38813
16706
10525
75539
18509
28674
26906
52967
22972
65741
66908
94615
37698
82250
12575
52458
13228
94773
21415
31186
4865
89436
27370
26315
90618
27348
32981
79801
78760
49836
44237
43526
45745
1125
87290
38418
25238
47006
21903
76406
78612
97733
61523
87344
67077
16626
16218
13649
53342
67656
57820
48710
50132
15096
3966
24773
50214
58997
83800
20495
65598
47898
44209
87883
82118
98804
81018
44485
26141
89684
77698
71782
24005
69824
30813
44754
33806
29009
23982
5355
85634
37407
53148
37145
1478
44416
55029
49148
48950
75911
93163
34544
88804
91989
40473
18901
67354
68624
27158
1844
94474
54877
92277
69212
67679
60719
79388
27357
11951
15735
249
58544
72866
14934
25356
30042
88794
56156
42841
72037
81332
72501
47056
75221
97618
49327
32800
66379
67736
29903
63489
51793
11402
41065
18295
84273
72202
14347
64710
65140
80422
63806
59451
23319
72640
57947
59698
64702
78392
22112
51220
55631
10964
4668
71846
26839
23468
75285
78709
39612
67861
37723
40184
29585
41745
57035
70729
41699
73708
60803
33942
84368
43616
74800
733
53419
14364
1240
99683
78742
11469
63731
10146
54268
98834
69163
9303
8414
98374
98422
69191
80980
62864
7135
94222
2143
62899
21687
15865
23501
59971
87259
52856
70583
92115
88493
33572
30851
16236
80634
79699
10856
81063
89010
28952
62358
63764
89261
68773
22844
98104
27341
69529
10454
78735
8967
53402
80214
8327
96140
33125
30171
15778
8051
61432
11828
25693
11729
56889
13715
79901
95152
72993
25438
19893
27289
76761
21955
52357
39243
19804
47392
27269
45123
58540
92016
88540
58733
57958
29268
29636
63229
21262
549
52500
60818
64659
41417
58755
13468
21791
78055
65039
52091
25446
62407
80546
47847
8994
36062
75411
31191
81657
73166
98867
7540
80748
35185
75014
97592
20125
90832
83834
13359
53925
19357
98002
62342
72542
74442
18189
47124
97115
91062
93365
71884
92768
70146
42134
43748
74005
55019
2895
53550
67038
81205
71215
46427
39362
74942
84732
64644
70102
85809
87800
95718
17052
23821
29674
65964
95801
59981
41833
85582
56930
36633
71314
40782
22854
48283
20884
39818
57930
91436
89511
36576
90559
37988
28291
51698
66429
71562
78155
62795
25512
18757
40803
43018
39661
82505
61430
98455
57950
12838
37537
13268
89099
77347
76375
38858
74416
72607
82389
82598
13533
22492
81098
52726
82572
30048
29179
3611
76231
89707
54784
2794
49842
30837
31576
83305
52975
68868
9406
42616
9931
79002
53183
50504
73307
98866
2850
7407
13863
5136
47240
91298
72122
95358
52480
95062
89350
95641
2112
6211
27466
26607
48001
76226
70060
11356
10601
50978
99777
79529
40434
29213
72946
62611
69547
12015
11345
14731
38937
81014
343
61567
29360
73194
83502
58360
60011
69771
28836
12132
89782
27277
43878
30165
78956
25541
12053
71643
60058
66982
67863
52847
55502
16382
4296
11547
3461
90449
94262
4459
40940
95498
6775
15421
87844
4497
87537
72585
32358
37099
42700
1740
31033
22196
24410
43488
68858
34328
48353
55092
62177
64004
37706
92624
8627
44193
82450
50255
17159
55077
45803
3967
94000
62060
36408
92792
14728
93047
8631
72059
32096
79292
69557
63979
13759
68243
87060
56013
36790
14522
57124
94075
65346
25225
31974
20254
33927
57470
82097
4851
35104
55826
46585
97212
75679
7482
8759
98856
63183
40210
19584
22142
35549
14170
59968
31073
28306
93063
83073
37387
30590
22698
41990
23789
12173
68585
72373
18713
16050
38246
65749
57388
88404
74618
63993
91121
36213
30742
135
24302
32984
51343
61502
4888
67505
57181
3036
13764
29647
10397
22037
57233
35587
63693
41290
29224
17792
94662
27027
70120
84093
3083
40454
89558
1338
99002
52360
60321
96877
24265
11587
36578
75371
79516
90892
17443
89154
43682
99039
45440
58566
42511
60767
51890
46179
94964
23906
75297
26047
79316
38388
63561
57391
3683
95029
51892
26585
15637
91826
75988
30498
86572
75190
22256
83321
1228
86936
1787
78048
93260
40680
81890
30579
23281
65908
86260
9900
26210
35546
70613
17014
12704
75865
18733
81613
88434
69351
30223
73253
77783
12545
8340
10024
10350
64815
54186
65593
8800
96465
90586
77035
92044
2166
30967
23524
9906
50175
52998
53844
79984
25701
20327
26133
24468
55002
60684
52853
42121
74408
13827
98784
16286
3498
16635
54514
57879
6475
69757
37317
32967
32467
2186
27336
95306
41781
41149
69870
25254
26956
4054
76731
38456
92206
53200
19087
36801
61046
11736
34015
12917
90579
1308
42166
51292
27133
21105
91974
91472
5574
63115
32824
98603
73562
84540
55784
79782
49829
40537
94291
92874
1305
37960
12458
63541
19909
25237
44282
77793
36000
70583
12249
6333
49797
7594
97531
54913
35346
13627
36867
8236
6821
88221
47792
90929
14028
92321
17214
84866
17776
57809
92345
69448
87522
80971
60396
42415
72458
17795
12327
28064
95245
28697
45574
72109
82985
1939
77289
43389
41077
48597
1307
14054
62857
53820
96037
57155
50921
59195
98468
89125
1942
33917
91598
92161
9584
74156
7539
56444
81409
23452
71496
33247
72097
5450
20538
77147
43588
57136
71745
2668
51766
93639
98644
24144
20346
8998
88141
60854
55159
22744
21778
49060
75480
47872
11650
37970
52806
25652
22701
1448
75993
93589
50183
9886
7906
61323
45596
12971
15495
31772
91457
5108
26200
88381
56161
38867
9236
3748
93112
41675
50322
2307
59618
65477
72200
24190
85318
84024
97713
94261
36301
95194
61663
50153
60423
42877
12734
83914
58784
32920
77307
10223
9070
62353
33981
94263
13094
74872
30040
28797
33741
54013
99929
29630
46251
43111
4952
57264
23340
21974
26069
4838
45085
30654
56875
80876
29988
13191
53184
20979
81734
79382
47438
53811
42214
20442
13460
11783
27186
10923
41400
93554
35146
44767
44030
11158
62176
89416
59590
17405
34691
3550
73945
64823
360
36197
61998
38438
11116
21459
80729
73577
20764
36732
48833
17816
18437
28581
29418
71584
89149
69637
67238
26192
91072
87528
19631
51034
18509
9705
48813
10893
98579
74933
83607
25446
47438
89743
15804
48424
60707
49776
67123
80572
60085
5386
71706
39500
84547
21549
97107
25969
93000
47279
75040
49286
25713
37110
77609
85297
97974
94295
82862
41472
73345
74873
94380
3544
46919
77103
19490
58877
34299
94758
57370
29662
35435
31563
80140
29007
31183
35452
77757
28570
75355
57770
61473
65884
71697
18292
46149
38350
90516
9903
64323
55685
64582
63910
28225
7209
24834
86612
73037
91110
41110
90781
9933
86363
93375
1277
31370
20012
73645
41357
1178
84573
73121
28177
61260
202
76352
129
94340
92393
26100
40675
43882
29200
56754
75454
8189
44140
58078
46124
77210
57007
87939
42148
77068
89419
73714
66682
2162
41997
62649
12370
4241
38684
6280
84454
88382
78667
395
13400
37598
10707
6516
80772
40182
66446
12873
40752
78226
68181
70541
49001
90119
98754
40572
13752
26979
22734
77384
30138
72701
51664
81117
33149
82730
26473
67485
496
4375
68054
82568
49967
68849
43789
60740
39011
92696
57180
18368
70393
88202
93274
32881
41964
79419
56256
46788
61415
98077
92250
33441
14713
39914
33632
75862
26755
61724
60863
89835
56487
54156
78355
69046
49126
3470
30556
31616
16346
19634
48448
45273
29070
52406
69634
13719
2982
99419
79859
22179
85912
24077
76795
75131
67137
75887
92328
88464
37954
93054
44695
33884
15417
88274
83183
89720
80774
39016
51234
141
29939
40354
54456
8008
16516
69147
78427
86904
85344
40210
13515
67977
57426
26783
19774
95440
17069
17287
4171
91106
36172
28401
5821
6639
19981
59726
38230
11094
54059
20673
66419
32158
1546
73586
25721
31367
55855
57123
73461
45815
70369
75010
11341
65734
23839
61799
76433
3183
88269
95614
74746
43276
62022
24112
99624
85280
25643
7556
70278
78492
1608
39989
10184
2732
33720
81636
60668
48093
28814
12359
80245
70588
11925
34995
40140
77741
11413
90986
13235
82914
68145
44672
92518
6874
79601
9982
47920
38111
53474
10242
53669
71729
2894
94737
55644
50612
64852
69665
1788
3736
49361
7006
25929
23831
91121
85662
1344
15886
75130
49906
50570
61891
13516
87368
28350
68955
61554
12371
20000
34543
27567
98064
55769
52159
56594
85975
50328
31256
41693
11465
87878
50474
19675
55694
44481
80185
36793
16156
66810
97079
5513
5079
7740
9539
26937
57866
86013
52132
77493
55148
60818
57927
7330
38813
15387
52359
65811
44753
63955
48125
8286
57660
39665
32009
79306
46997
55462
95540
97258
16310
92827
76497
44030
39057
88996
29057
54916
49737
31716
876
31573
36087
80737
5037
26594
59213
66738
86152
69917
12448
610
38245
28596
90220
29271
72814
72638
85724
9194
9690
34777
85905
42985
93054
39188
97411
42631
90634
64557
69530
8944
778
57792
45634
1952
54487
65847
67913
48898
53591
28725
8454
42063
44880
69813
24171
24612
14574
24510
11075
31013
2106
46272
27707
60423
76469
12271
31179
81386
9787
41682
23997
47247
86964
57727
56839
68336
16388
43692
11819
60744
40382
10970
93623
87408
9884
44149
88919
18005
42845
79390
68939
18409
68573
83103
58493
98473
89891
10274
592
71114
93336
38223
89092
66710
75773
59324
4352
44182
73728
91865
66764
50287
91517
27726
7622
70461
80479
56589
42602
36326
69260
64166
67117
85075
99432
71366
62629
38955
33802
38711
3757
27310
63919
89193
68674
7639
80304
70053
66508
64433
47484
55845
3955
89154
92933
11799
37141
20677
94469
9920
51237
30348
84163
48886
80894
57928
33812
12565
66837
30791
14009
19312
44195
93859
74996
98292
86811
44248
2771
73110
4932
75889
24147
66799
26177
21061
33525
47566
33791
31044
562
18625
38594
4747
25379
61518
14054
29609
55568
58379
64562
10956
35569
7280
16581
33323
22018
34965
99411
34665
88801
49948
88615
82154
69698
26868
24867
29582
32061
7004
79625
97403
99773
98107
72512
21900
49856
33651
90182
24741
88062
13700
56371
21935
72542
31521
54405
7001
32916
69868
39669
4855
20585
86236
49351
37038
59174
98448
72700
79348
93846
21861
50992
27491
70543
23314
58671
34672
76389
17876
70092
7348
85620
41345
84556
38729
15288
92347
67301
39909
5671
8406
55244
78055
29644
31260
39255
51233
17793
66509
84788
81259
79589
40812
19638
95430
49054
34610
63521
87274
97643
53236
65086
23563
36401
76849
41340
86598
21247
56966
61699
91134
59892
82841
3974
2471
13983
63042
73757
65326
56719
80577
67464
41400
63990
23225
88110
60339
96850
63913
49625
87795
39612
31177
79784
82834
41256
73685
11328
64544
94426
72644
78789
23271
1429
41124
58345
56903
6432
34178
68856
51966
58793
41623
93620
84068
80731
95139
17359
37939
32858
3033
1075
50272
65646
21515
12621
56696
64146
76132
97147
86289
52181
68823
22988
29833
54492
75544
86944
88143
59805
24477
92566
59534
45636
40148
38599
24888
23945
28175
33950
78692
60339
78772
1818
19960
23782
89841
46032
55886
38259
50644
29254
86508
83999
1251
31807
18536
20499
49997
89957
71252
65486
65260
59167
12199
46411
97442
92555
75183
88153
68891
73630
68936
46334
24682
33199
93163
49774
94269
83239
2618
62774
65504
35041
44080
48233
98266
95799
64188
89339
93050
56502
74702
46226
24547
91872
31088
82592
90797
59925
22668
89153
81506
29597
14496
74980
81705
65819
66023
52729
1537
34917
65417
20972
92811
59453
46274
65824
95451
98960
91109
22444
85303
29468
82638
75022
62555
36990
96359
81048
23441
22550
29617
87895
60421
39681
99906
63695
58502
39069
95631
70752
25507
81706
11118
41192
27753
12650
49152
96528
31550
97945
63073
6446
7176
32605
85622
76270
4208
55201
41492
29053
13948
44900
85910
91981
92141
27129
86731
25518
63940
24469
53743
49758
71267
72019
97073
79806
97125
37642
39927
67616
82904
56955
2757
24313
39646
3240
38794
25215
66322
69603
40965
1350
96661
83725
94811
66028
63281
50056
88121
25070
30614
13366
46708
17329
14374
24994
12294
58146
40834
57432
29275
20367
27679
94063
93612
93815
81122
84870
41422
66380
43618
37694
31228
99193
94977
99359
70307
32568
99617
87893
1567
15480
744
17233
35329
90774
28372
61779
33702
22532
97930
34941
2651
27603
39027
45701
50103
2395
44565
19076
99154
33059
92410
9048
10924
10953
94828
18653
51113
7051
87558
31960
39452
85491
68198
26148
76357
73831
71365
63781
70977
51535
40747
47766
35096
31158
67777
27992
4281
41284
52957
23237
7697
34762
13238
15765
27114
57362
65387
34727
46545
65072
83468
83751
15728
11903
43296
80679
40084
5559
64034
19626
45784
28106
97315
71498
25691
54039
52013
91543
5748
77180
88933
51179
52706
80900
10810
99298
98343
62649
17828
10092
6406
77638
72904
85416
28883
35859
98350
38590
61238
63832
41646
24756
61904
90991
12676
72148
45194
87044
34420
53048
59819
86447
44551
61131
5296
51948
2578
6307
9794
45353
97878
38069
21160
43483
50904
54361
21803
1819
54043
69248
32996
94989
68205
42759
71497
56720
38104
83856
80128
55163
79316
43039
84988
86865
25647
80406
12527
52402
66207
27937
72737
56432
26203
87767
25897
88620
74740
79909
13344
29274
21225
35148
96571
50867
38118
97887
97205
22544
65674
76621
4961
76039
19475
3093
145
75639
21092
70570
59569
37628
87418
84380
46599
92320
49328
64189
56414
99968
36648
24170
77461
77695
57330
69203
64466
96440
21868
64038
21931
88198
96973
77685
33009
92156
21344
3853
26842
23608
75562
13183
16255
67777
48696
56500
2503
40937
31451
73110
70742
99498
79043
87694
50173
22575
81625
12231
5007
893
89313
34622
72706
75157
48412
46689
90026
79544
7746
81593
20929
52745
91437
6805
40141
57929
90422
26166
42526
38523
76530
64358
98835
69219
10745
79338
17198
86967
12579
2633
87234
50705
70019
92847
12066
33519
52839
41253
32242
89121
56053
25654
72095
74363
11523
78209
87920
10987
49591
58257
25702
38273
36127
87379
95581
80395
86953
95671
43004
97298
4968
83926
45491
90800
65449
35927
87899
48880
88309
8058
87151
68672
96627
51829
73176
55513
7156
25692
80723
36138
46929
85981
27149
33312
1479
16914
55992
82693
20645
6399
68555
46534
59794
5464
48959
46052
31310
76694
16543
7935
93515
87764
64034
26882
92894
305
61672
85769
93087
4180
77809
18034
92272
83149
88140
18229
50960
1141
80540
73720
93780
63176
30280
22719
95974
66896
3690
20540
95287
25052
26196
7239
62512
77993
25463
50869
8481
19897
66911
75526
50497
16690
50535
5881
18234
43580
62906
12725
42246
41593
49384
75175
79711
92867
9565
86286
83051
68808
25815
69491
15000
18233
67209
73979
30232
16385
39166
91077
24406
43164
7223
13184
22202
87121
60939
20923
42169
58521
26790
7272
10885
1463
13180
10710
52718
73242
54534
25193
71691
48381
65373
13158
29562
89577
6928
24432
37766
20806
92452
23034
64752
24507
96423
45177
99955
60199
99553
12216
91200
21113
96363
22790
11383
77293
32075
14949
68725
80897
13260
75334
25376
84208
89214
64151
94241
61347
9683
79324
83057
29263
15649
37819
84830
23125
71706
44388
6789
44882
69301
30898
83950
64
67493
23705
97092
74926
28661
54059
2552
39038
23859
40925
45428
70482
1466
94889
2002
83878
33447
11829
14670
53746
87734
32290
29489
63573
28136
48036
87583
84971
16462
42477
63127
56885
17768
75643
83440
23380
98967
30842
20401
68571
92089
15170
78667
82102
50891
42942
95034
21226
5125
97771
26900
23307
63103
92709
43108
6081
46439
48613
618
47247
65506
22825
20938
88810
98616
44559
19684
42567
76425
36248
74835
437
43973
34628
94854
34680
33461
35831
10995
25609
25502
68686
47969
25972
99946
15052
80576
47685
14500
59362
61873
61360
50447
77860
79637
26510
85083
19043
51765
42480
25484
31071
61014
62469
39039
60333
87723
45585
14941
63085
57417
48177
72436
61859
73729
65096
56300
17521
37762
21510
60506
50875
24648
94081
18515
57143
35789
37626
87729
40845
69927
66853
1544
35868
16408
37845
26633
44831
11
74211
58851
61590
83618
48402
23788
76553
33076
29468
39642
66499
90562
19916
51046
64090
57773
11782
75964
27473
57203
72797
79691
28395
45368
37432
19195
21738
40803
22023
49360
13071
75687
16455
80148
87773
44581
7655
93543
31857
47987
387
74265
89276
19354
26416
94556
45770
5525
40639
74627
44665
30969
88590
86624
90524
43873
66820
43633
12501
40857
87305
72935
38312
51799
14619
70690
54787
36282
6027
52953
69059
59418
50114
86523
94756
99305
57198
38112
28219
54956
39580
64191
19466
96460
89687
78915
28900
222
36827
96221
19920
43602
89885
48632
10438
55117
4559
23095
72252
67159
24100
77016
73268
8
19165
76017
11567
506
12814
67548
63293
98046
95298
13342
30897
40883
81058
95513
89477
84691
39447
94284
36765
42919
69518
33471
97941
51265
88341
67281
98320
37092
95887
32829
87755
53512
70597
58081
79159
60302
10965
39248
85406
22142
70242
3833
82062
63198
21580
49006
11679
16149
1825
88988
83651
14902
79607
94715
68557
57777
79053
50674
57201
89598
45935
68047
34779
79832
33380
72765
4736
86716
39890
17554
41098
20360
19650
50440
68682
34211
64492
44301
47793
58061
80009
26641
72591
9514
29398
14953
13812
76362
60118
22584
1285
87967
22206
7841
73955
99758
9485
123
1394
68090
75244
39290
16583
85195
28169
11710
32479
94123
86889
45623
98641
55326
21353
95276
4690
5727
44439
66742
38968
96429
94744
94611
37495
80168
93752
85605
15146
47038
35465
9765
74646
18754
28241
77888
59154
42924
41748
47095
88529
63699
10335
59890
15599
6094
79357
27362
33855
57671
37157
82455
69262
96887
21556
91327
8512
47966
8970
82465
30494
7166
66631
2485
70776
41659
81412
67083
80609
58288
26591
64471
77641
55222
23638
68874
21839
60712
55561
38639
55562
26229
67094
37631
88946
84163
93748
10865
1822
57080
74206
21957
83892
26417
27496
21034
41219
77883
95432
91663
13214
61885
79762
30744
53689
14671
37256
34012
54636
50724
9102
91759
35971
2205
94710
59571
2340
57653
66325
92374
83668
46658
46476
52805
81985
48359
88172
20282
96093
18447
27921
47483
46757
32483
35347
64836
44664
93477
16886
18420
88433
41614
49361
23122
83927
55453
52765
75972
62628
99388
84695
25668
64076
75907
87688
87242
87710
64968
38146
90284
61096
28704
19314
23923
30242
68962
83025
75850
74750
11401
29201
24063
48888
20970
1582
26837
80909
17989
98388
30368
56338
10617
55276
4081
87020
78211
75884
67466
45474
84343
17496
78830
88799
77244
97034
51367
14065
93710
15444
90038
8547
9763
67434
20866
78766
48125
92261
64914
62114
4951
48907
14028
14669
1894
92549
98634
2109
25233
97195
16064
72864
54777
6594
81256
90995
39541
73778
71047
18554
28377
9769
15684
23614
65298
29760
97682
92486
73134
75847
95965
32716
12276
36353
88825
67247
36125
64735
71784
64837
8651
37787
27901
52649
19643
54898
35060
39307
4946
12171
90072
21200
42485
95793
50359
55171
89882
16301
47909
32322
65264
24324
67510
21362
9724
68404
18265
60713
55416
13970
15143
19108
30462
26727
38915
81252
86040
77595
32438
42465
30025
59853
93871
75949
54682
91919
80431
48703
91361
97942
75532
40617
67623
12763
11550
36494
39193
35216
59764
45128
13889
92641
41049
24373
85076
52697
45049
61297
70463
84743
26380
43613
19853
24371
55679
82805
60303
44568
90945
28792
10906
33494
60969
72841
37871
35525
72082
23883
29729
45276
39394
1804
94799
87652
4194
79657
59733
7562
15265
59236
86008
86852
21516
92859
244
9516
99383
75629
5775
46491
85579
55148
56716
50384
81156
52885
33119
61284
91195
3295
12126
56265
22492
39432
20335
66743
14918
710
12015
55695
91406
22309
21292
76494
81682
43998
48181
79589
39092
54078
9517
52726
79272
18506
55988
81784
800
5346
49555
43860
53417
75247
6485
30398
92824
16067
58605
12653
43015
17512
19321
36969
12888
85965
38922
53889
37917
66744
20058
15964
25111
58835
1341
12897
14954
15318
58767
13446
3315
60131
65422
19251
56676
66727
85736
35688
90105
4977
43733
82357
21750
63609
54748
73266
21912
76419
50733
56804
88991
62947
37563
6280
74522
61459
77046
7290
96975
131
73053
71554
43322
38252
35907
75606
23911
22654
50466
72712
95559
7510
14588
93362
73544
69044
67034
22442
70519
541
38944
3034
52440
58239
73195
85933
78091
54020
75324
77591
24246
55219
13128
42926
8593
65899
11801
12273
36500
50094
87223
67293
10248
27807
77416
24575
84339
23491
80080
33765
97160
67098
23976
55245
12681
50002
84091
76869
27836
46436
32357
77585
78419
4373
92299
93533
36392
99785
95540
40617
30473
98198
60429
44346
95954
74438
24015
45989
81371
78424
58048
68443
39102
80036
76807
53632
75178
35523
98240
86067
13372
13101
96574
12531
3723
16705
26839
83895
31705
68296
69974
5247
85974
47959
15748
93195
60418
13194
15204
42695
82575
37520
78035
77492
35134
19883
61637
37239
71105
84827
91259
27852
10093
86156
79280
37321
76355
78647
54264
98320
26205
79869
15018
71330
28821
50802
97526
55145
2259
52752
59676
4971
22011
10257
91938
53591
22364
15012
24784
98220
39770
50851
2909
9736
93242
21094
48042
27243
66236
10208
28255
28398
81285
78837
32391
15350
69182
93669
24228
31784
65237
91200
49582
26096
82079
74915
29661
76088
6730
12937
49672
77686
280
79488
73838
95886
66442
61104
68289
31246
55523
60582
18113
25853
69772
70477
793
67436
30719
87564
46167
96768
50144
45671
76417
20790
68998
3187
24396
86118
13875
32658
8101
36798
70607
31920
77362
36293
44828
6161
11229
6258
13678
88761
88837
43514
82928
3890
8737
61062
82225
87801
51464
43040
45260
25741
18126
34863
35548
36785
93371
96407
37774
40056
52919
88870
50937
10637
84783
70976
38040
55550
52601
13037
56204
68966
45285
6562
56648
84672
30434
73388
97962
26682
90149
32921
13222
78810
59716
18409
97602
27210
72156
65369
36853
3506
21746
46334
56554
59653
21303
80268
2565
84344
48173
66301
25982
5177
46612
31295
86583
52734
59202
19831
80348
71632
35161
7664
22855
86322
38996
36260
63845
28009
24045
16671
28987
85263
42259
8972
6220
73661
98343
89533
50948
97517
18257
37363
75724
91773
99238
31703
56485
27326
43317
68415
56611
60689
15888
84711
64074
44979
36657
24183
11350
69397
65794
90031
78212
92539
84579
46076
65804
24620
86738
11263
5983
16977
98725
41474
35260
72469
30037
1883
39926
3258
98493
74217
21022
71557
92061
40236
31201
99215
17465
12963
61918
27373
52037
30095
23926
15862
87263
91794
20183
22203
49478
1089
56709
96288
87864
9516
66534
27995
21833
85683
30042
46802
43443
3767
58148
66756
36675
2508
20620
90194
80507
48672
12594
35945
78945
75443
92308
25239
24255
25233
85807
34462
73138
16901
57564
570
12456
25139
72556
69252
43000
77931
24010
71083
41487
88308
52893
14899
61141
61913
64526
761
58619
14253
76205
49717
65255
76461
38226
11207
51354
7822
82589
86971
53322
35245
65978
46466
68434
2596
11440
84916
76148
54213
54811
91529
77930
19713
95637
93603
53570
53184
23684
72596
16506
80409
69574
19154
62801
84185
18697
82208
15726
89819
78860
31808
24049
83945
41945
52699
53071
49734
15240
95750
93325
60676
16339
31348
83206
45190
77138
14095
79737
18289
68441
17122
17277
30549
24417
13616
74284
22381
80178
15820
77829
99097
90044
86340
59514
47910
99916
1896
15326
78343
25558
27169
1812
80987
19264
84400
47509
49311
14122
67451
10382
77648
76833
65871
82095
30849
17707
78865
9402
52452
20184
89154
32216
48066
6488
25893
27316
4506
45786
22503
94665
60237
80990
32831
25511
37434
14127
6269
63901
69032
80316
61232
70337
67937
57575
85620
9580
15323
18795
93859
36413
45199
57742
54244
89308
28856
14511
86151
17960
26229
84364
99153
6605
61856
45562
41506
19795
57789
67680
71638
79872
69165
59844
8185
25635
38714
76108
53330
3905
18283
31196
5214
65048
79905
16294
3292
16961
25780
88038
84783
59145
20842
79595
11321
27582
66300
52370
51834
91037
21242
64669
49454
66624
93368
14317
35559
13532
29131
8406
45747
64441
30994
74433
4965
311
8542
51049
57885
85180
66516
98288
28773
37906
63972
75026
12519
50795
64155
72145
20508
52899
86127
87922
42702
25959
16765
7504
50982
77204
72114
33672
98726
67997
45401
49850
81412
86520
65513
89514
91870
3821
90792
68005
73165
62861
71631
6244
1272
66153
14310
20092
38310
29512
5551
84639
72787
63497
39404
73440
2436
10038
26627
69210
16894
35550
12027
91454
76776
30859
84497
65660
95960
43266
36385
1076
13994
71581
35846
89634
59771
311
59427
58981
65658
62390
58833
36721
61515
4369
81786
8265
11753
4308
15390
82734
9135
35001
78393
48171
40454
45085
60864
39435
89416
23967
56509
81407
60602
26467
97250
95683
38929
70433
24127
39655
93787
65092
52382
68054
34294
3328
9331
40414
96919
78355
73171
58308
66956
76027
38181
32226
70225
61403
28650
9134
26216
12134
36088
59052
39219
2430
84364
90023
44490
64617
58081
34230
65837
67008
52542
63990
52769
39543
29318
32309
44487
53452
96665
22514
94216
94862
15023
761
92957
36378
86968
40129
47663
75800
30489
8093
11010
33531
12226
26959
39200
92430
37432
91350
51635
58736
93064
79204
45382
80700
94931
73435
28906
11093
80438
38427
98319
90743
76563
4434
57850
83900
61081
58999
71985
67618
32957
85351
67080
87410
96814
35379
74329
58928
47874
93142
31531
15899
66927
92379
71016
86175
9563
50537
79779
14787
85073
39649
33416
92735
76553
45586
28822
1142
2381
46964
95544
33690
52905
1508
39868
13136
67792
22456
42086
44500
6084
76671
45359
82349
74444
46636
64914
75395
6475
69531
99304
78038
34078
28927
15122
68413
5523
5782
39189
310
92246
60928
10441
83469
68280
35376
4034
45951
85961
98661
49754
69903
31631
33358
91760
8704
39317
39387
96279
69151
61035
39910
52381
10074
86729
61022
57313
86133
55017
15498
75605
84106
37862
61022
39578
38081
41764
86583
64399
85415
81903
4632
3792
14858
61749
29804
22007
59167
66146
21776
93228
34986
85710
76333
31415
22893
60269
47498
16539
30499
22471
17245
28167
69604
97801
45314
45911
75230
86459
15408
65604
34393
66458
69312
53892
52164
46418
89693
50367
72750
85697
63378
96489
64187
47327
29976
49204
96939
28279
96456
38298
86879
77758
55898
94259
99491
97975
89768
74877
71501
31239
12274
6190
24657
43307
56400
20276
93279
84509
21277
71704
3725
59903
3831
64390
89459
13612
40395
39709
23531
49276
59405
103
11587
39838
10074
15342
71860
50466
33769
31094
81737
22752
81835
59009
78333
28068
72660
34235
91776
45525
52563
10560
37732
52668
22717
18714
46564
34488
91450
98179
97805
84227
7988
45881
60562
67880
70015
84448
97727
99553
99567
51548
50427
13079
49651
33114
72967
79566
62858
82931
68441
9839
95943
80484
51041
13011
58051
66135
74483
21961
40256
42076
7962
67190
91316
63216
39103
49240
80517
62235
74758
76512
70895
66641
32643
68519
47204
91546
81588
46701
36023
88589
32301
58914
65240
76926
85125
49613
33146
36904
53278
98129
44115
78468
83568
79404
45938
63674
20685
86454
2139
61856
56593
80142
49628
84962
4836
96385
73872
36
6352
84970
13626
93430
27253
89754
2258
26483
15911
93962
29021
18483
32040
54017
52735
68534
87074
4986
75200
27113
49054
25379
95705
61430
1933
43083
7584
91012
75167
43897
2680
82620
11888
14240
37576
66128
30378
66337
96646
16783
98264
53206
74246
77874
16792
49048
92470
56078
77025
59234
21194
3221
8434
31336
73237
72142
80028
89750
70286
50894
22595
93817
71903
78918
39036
94449
41597
12274
44678
33073
91517
97733
64398
6222
28873
24148
12227
1610
27722
58024
57954
59612
22736
83996
54705
53504
15608
70621
77807
537
32826
1758
12237
15048
163
46307
17839
64652
51665
12325
58446
62301
52175
68043
2885
25813
50241
58905
17617
2999
82755
43608
65861
49738
6748
31867
93389
25612
77400
98939
41048
73851
69520
57776
14129
18716
12433
52301
16933
46589
97493
60515
18294
40580
11290
31483
58536
26176
207
92787
19779
27408
83474
45326
86040
45282
83127
42576
1100
29948
88968
86979
99301
29418
34985
42144
43486
2250
36349
31129
86714
93696
75650
32117
64968
83548
73975
91824
25974
96548
70442
75041
28375
32430
49512
73715
10334
11261
5216
66166
6221
76193
18964
41229
46350
77324
36289
73545
43718
3087
19829
7921
18802
47656
17810
51088
48679
25443
4433
55201
9161
16769
99032
44653
39796
68887
39792
62435
45688
35366
86659
38116
7885
88759
40946
37328
34201
3658
69421
12509
57473
19777
83866
85813
32195
691
51989
69269
99066
60009
34681
28068
64602
62871
40130
29198
47495
56629
34623
10192
84519
82055
86058
9674
16684
33686
638
99263
53372
86083
91888
71659
64631
66205
88597
14103
50580
4883
1864
7595
5391
67392
1437
41734
57642
22029
66668
99487
35314
34651
60877
7357
87157
80215
6779
86002
69814
38527
48520
50500
4137
34098
80691
34616
72258
51668
13676
55963
61256
94910
50508
59938
8064
57995
48993
1423
8931
45153
8937
19910
80748
79195
81581
77438
85304
1257
2181
28759
71719
46633
89648
97187
77777
9030
17627
68733
2553
12986
49369
44532
98596
40927
6488
37518
61404
60171
21264
82686
27075
80089
3252
27273
89545
49359
78047
21043
7706
46583
73821
41164
46321
62418
23227
20052
68296
22150
9052
99462
63280
62834
66433
80416
20627
734
83059
56517
27404
14955
58037
13668
21762
46414
32930
55922
97696
58185
65928
81257
68129
31285
55058
54068
41572
30568
43304
65186
65519
68039
84915
29043
28289
26465
70054
60937
83787
48947
37609
43517
50229
33491
3023
52261
45491
186
73404
6315
14353
98175
29511
25399
2351
15195
98978
42369
25904
59869
42598
23721
11096
53110
74776
23025
36020
47732
35235
6658
33654
36851
57022
65294
60741
28912
54283
8278
60975
57223
84880
32571
92332
54333
66477
96124
39886
55989
65232
37778
66736
92145
68170
58359
2059
62116
94009
24728
95009
98933
19517
97158
73143
7131
36555
85063
36117
39815
10677
69370
65273
73917
27757
91048
16051
41455
71059
14043
916
61998
17723
42069
84106
74143
55526
58756
86447
42588
41065
46064
60408
12247
37596
79633
42479
30658
27274
41176
18764
72961
42225
12609
41539
23375
65141
4590
71206
59055
25708
32093
2567
85890
19186
7102
91964
59600
25054
98678
83820
24390
33054
47045
64681
80546
12029
14759
14437
85061
85623
90404
27694
90968
89745
46629
12150
60588
89172
16805
92901
32343
80383
30508
97734
6795
58448
9642
18973
65956
1022
43130
5462
32864
45312
47759
24454
27523
47854
5065
39305
50708
85789
3144
92503
77831
15176
35752
25336
25128
82231
72024
215
43853
30972
20018
94413
75789
16776
52956
45604
67364
59664
90183
6222
52546
29093
71974
33547
26426
96319
39064
99515
93474
63440
16660
76361
63829
47110
97554
75409
6254
48958
5576
31502
44493
5106
23671
51708
42245
89572
14361
62638
2539
14675
21656
69290
52629
35968
74698
24036
51366
10011
59859
77749
51059
62948
79084
35345
40295
77959
63984
84559
29645
55513
1320
20754
38493
85028
93662
58652
2424
6550
36426
81286
20281
52913
40938
95261
69721
88192
75545
28436
21079
16284
16850
67467
55081
96672
41700
26280
47532
69389
30834
68880
52612
72856
5658
33058
69593
46434
39014
14023
94207
92369
24983
60457
958
94963
16317
50297
35033
37469
78897
15545
72311
80193
16134
70099
2832
3639
88958
78590
94793
95863
70279
94183
43413
27330
78159
71452
94047
15801
25603
46316
42041
14909
13571
78603
39979
14104
38129
69690
27287
78132
49325
52979
10204
98375
35386
9583
39186
14715
65449
39040
67788
32724
77213
43552
89709
49551
25444
36707
1374
61199
27937
37333
69811
45484
32304
57856
3868
38317
35938
25157
25752
27643
91523
79114
21044
86012
67785
10508
81662
31829
84382
69209
44404
83290
55871
68486
91701
65912
48672
39398
83431
22776
48351
74414
42748
58324
12120
95904
88041
5952
66440
93462
21013
97974
20899
57395
82227
21651
60421
65391
62939
61469
55233
8895
6020
33917
34449
32300
81568
79571
14386
32549
76470
6921
37518
63947
19085
43233
13325
8333
28401
51576
24755
59296
96103
37487
64371
35481
38850
86625
78958
60756
68116
39656
29689
40179
72173
45156
9520
22257
71930
84771
78319
20467
21348
46448
59086
91246
69853
77261
11574
63034
95532
64297
10413
54551
1207
28202
85742
72544
35308
9164
32789
8155
42214
81514
36725
26250
54593
17790
92240
18278
16820
49907
65841
17062
68658
14538
10095
14157
13676
7861
41486
42768
2840
8589
12179
50035
34441
21246
20228
68010
96847
4421
88630
73225
42350
83905
42532
81939
88699
51773
55320
66643
38865
41673
70610
10771
34235
90904
67115
37429
15311
97392
40130
52436
15587
56182
2006
66295
48332
103
24499
49218
37571
445
32185
25488
56567
85745
68215
37980
89361
92324
2467
98655
44248
81535
9296
3704
99964
11545
42502
13719
79204
39878
3758
27951
73309
36330
4953
62455
36522
92223
46059
87230
4720
42938
45390
89589
50185
49177
17470
81944
62755
58404
70907
78135
3072
39125
3874
98147
23753
18681
91245
38053
16760
40385
63836
81
75751
24690
1231
58174
92817
45364
19624
16324
94264
19854
33326
56981
80470
84840
29348
62278
37283
10223
74873
64175
49115
7753
39648
88536
24885
63852
83378
74720
45149
97450
70561
38136
39133
75284
62613
23191
88197
37658
33681
44148
90147
31116
19189
55276
89192
6548
79536
44246
83306
70316
63267
34284
552
29711
48376
53715
49412
49859
49835
14553
26321
57145
73853
98296
30438
23946
71063
3148
87020
1032
68661
42315
53523
42690
55489
14619
45264
24558
38145
41201
98307
37395
98119
80684
93698
39682
78068
63539
16630
59075
61776
81434
8562
50865
28343
67519
77090
81203
67881
17524
18974
24454
72910
60523
67500
73927
51571
69964
6418
68509
9453
57978
72663
46300
89662
96805
64073
58913
91184
45213
82648
48056
74616
20906
45735
85678
65466
17499
8441
32944
87367
30193
71601
77995
79189
48126
42438
99002
72778
17086
14837
62188
27455
68476
52127
58075
82694
35251
63444
93213
14015
17732
17295
34189
36825
75252
93746
53987
79286
43936
27687
436
56816
32926
92775
43693
63500
16929
40536
67697
5633
65121
23632
19944
52914
12199
44398
54065
70626
24310
21372
85239
39878
88525
57961
92578
97957
54347
78683
63051
71326
9711
21260
80541
57578
54704
46142
824
95539
41506
1544
6292
82351
70629
10552
83537
51254
30462
80067
53413
89142
5344
74862
79022
26713
98615
46281
2948
3174
97843
36896
22113
94081
33308
40152
34985
38585
23387
47132
87463
89225
66801
50746
90991
57091
81661
98096
78771
92069
75030
9428
61659
19017
66422
34423
24732
21819
24510
77204
8700
50336
14407
4289
55253
65840
83570
92601
6732
9026
10014
51678
12663
36652
70042
60411
34570
77828
20674
82898
38168
91561
28643
6909
81253
43741
35702
2926
39367
13625
37572
88611
33167
76556
97340
79729
32997
7764
82555
67502
78536
43880
98050
43366
75135
275
31766
90288
63969
29838
384
85667
98691
38805
81720
11310
56320
66676
43519
86698
63484
50061
88470
37901
78603
50391
96968
20770
16204
76145
40198
94924
74335
18760
72420
74983
54915
15311
77257
65830
62260
49005
88627
61597
2947
45830
3311
18713
34179
66727
52438
49514
23871
26137
84723
99607
67652
47040
91274
50162
5856
95491
19437
86388
70445
10488
99036
93720
69775
80041
15627
93053
21668
91585
69332
50719
49447
93373
35090
74015
58555
43497
87117
3684
30501
87105
43055
14656
12482
42549
40495
14170
12645
83867
74104
574
3355
47624
5119
86044
40552
1758
30127
12824
77348
14841
26845
5561
55387
94499
95996
4834
16124
66148
5928
47125
93642
74579
54971
29330
36962
57010
25655
12158
83935
32734
80936
6021
21879
2875
94024
93396
20069
48126
43239
77516
57650
51341
44238
62012
19735
49952
34083
8652
90139
41396
21889
89677
92773
61210
41901
75216
16833
75296
33178
84793
87823
65698
28472
49721
15114
12103
7772
12906
58466
16395
31339
20810
80396
51109
68499
95112
81335
44928
4892
98436
49217
9867
63219
33887
27711
901
90466
30302
70392
22257
91220
84841
35813
29582
81096
86154
22732
43478
11955
37924
33851
66197
23297
98321
21828
41613
4461
15864
81938
36107
89824
66169
33028
36231
22173
55434
3274
66462
60230
45783
86578
64416
14498
51682
35285
58868
58079
11831
3708
64222
15356
99915
69213
49178
35582
86874
47577
12125
44914
91633
65745
35048
32469
51117
51161
88536
5029
59472
35605
33966
85275
41208
59008
36875
99759
54487
28079
39860
8178
28445
99861
54469
65697
70176
55104
26211
14224
69543
23243
5068
62459
85490
27361
24342
38003
31560
83150
80025
13285
85115
5252
86869
27005
41739
49263
66936
8856
67756
73909
66840
11211
8290
72805
58300
16658
8260
80504
90402
21539
76751
53748
11705
34529
21534
27598
45774
83304
10277
27519
38671
97130
12689
22980
5646
90057
93752
58881
85994
67088
70690
51857
89486
85935
48583
89984
34843
77447
26762
46737
29136
37447
94576
7161
25154
39885
3278
11126
13376
72415
26494
56200
89384
99553
31549
10947
39177
13092
25524
94879
39049
79531
33252
24458
9551
76258
21970
39005
7556
52422
66470
37632
21418
80407
34520
70341
15618
19859
9693
91102
1744
45896
38650
2850
34872
78613
59266
88356
60937
85918
47948
70128
15862
56507
48439
26875
4626
42960
7968
94017
40766
4780
38804
51005
68275
51867
53016
93723
65684
84963
11349
99051
2901
33596
19645
33044
77047
1948
8390
27287
27524
73565
95286
57906
42130
38690
9255
86312
62452
57201
94065
7073
62194
14448
29773
22229
99053
78261
6188
36175
23244
7141
72096
76215
44022
29091
8117
67784
87615
14809
96961
72719
56609
72923
55835
30829
70838
60142
29014
41651
51375
36238
43155
92528
92172
32843
5877
68260
31000
70270
12176
74555
60790
51399
52563
26756
14153
88730
46249
63496
79501
11139
80779
59284
84499
18711
94954
37992
84561
52674
96968
7096
90556
62026
55990
18261
59126
85532
77988
18439
45781
71317
39944
63155
74360
10846
70813
33367
56209
21466
27362
20682
55673
44780
69353
19902
50812
22191
24323
94149
52460
22943
12660
42809
18478
18118
24663
56392
40825
19249
54742
52917
9084
58528
9842
45791
54826
62542
22870
37515
70618
29214
95907
74576
51514
64006
59548
138
77254
59057
69475
67342
96193
9095
37326
96735
74581
60743
56428
56895
29686
79914
52349
54357
68736
40241
43794
44141
9719
37617
97644
70824
56538
31720
17259
87894
27808
36585
96366
83981
7075
53400
46329
45971
37212
23236
42970
11974
85620
90974
50677
85163
55532
59071
12329
89363
69803
54960
81569
82699
48093
99289
2450
33014
15119
40294
77709
43501
94962
6040
82338
51374
40653
17208
3051
87963
75993
19563
14835
96857
15271
17162
67786
73067
7949
3977
70393
79731
50428
13727
77817
10488
54023
53563
83915
81306
26712
56413
42586
59759
29969
11019
91841
30903
16991
92289
50796
80413
24483
7017
92418
63369
14461
58882
54405
38048
63524
78503
73771
57358
76134
12318
57094
3550
62446
17202
90302
3523
26650
56582
1579
3540
89040
11183
39526
69426
72089
68168
65987
90261
20400
28353
69316
22493
80277
34746
66743
49992
66253
15136
95396
69505
81419
96565
94449
82633
4692
22309
22875
3751
18968
82143
48568
42700
32787
52721
44432
97625
17882
97032
40736
57849
6080
48407
45341
47758
32000
69637
18031
37169
12471
49742
62278
88041
6302
36247
72145
84535
22886
51470
25140
33270
44022
48424
17598
92047
27601
21538
73578
14701
26688
17292
42596
57870
64122
29750
95652
87001
81563
53412
53036
44941
84061
64036
34069
10451
32542
99464
75128
36084
1943
10304
65696
57649
28499
96206
43536
7962
28143
47325
1313
25166
55010
60885
91923
59013
75949
13331
58607
10295
45326
54561
31786
30029
17933
75918
41487
21975
64790
88101
96318
78382
98143
9517
68210
85919
94281
15213
5062
5021
77885
96748
78924
30354
45622
28478
60095
63302
2537
44276
89927
41619
11244
21245
88560
46771
27706
98015
93744
37196
84090
26090
5618
73354
38423
70699
83202
34884
92842
30397
43499
26649
86103
49074
96411
81686
17445
80002
8409
16431
71458
60442
18287
11839
10160
95892
16862
88970
20486
53073
13576
26300
16836
42325
27051
24282
78109
99195
47228
78486
83904
53870
81959
91409
50015
33580
65574
12345
99667
58917
65789
31622
43787
16895
22070
46251
76666
77986
68123
13562
47159
63790
34372
14496
7669
29070
54701
67574
32969
94735
30414
4756
52521
37815
85330
69729
28287
33945
77084
88207
46228
26519
60320
65681
48566
33125
32327
88346
4844
94632
94082
16288
2841
88853
65662
62958
38511
33550
3233
16238
16660
55885
51511
36027
67093
66008
64959
78548
95302
96450
95311
98009
22864
35033
32223
36873
79855
30804
24207
28026
46252
56020
22163
98787
47227
99872
97515
35861
91094
6756
87869
16163
21072
27485
77107
2653
3750
47455
28141
80892
6949
93628
21921
44856
78528
1321
32811
97714
14909
36327
50486
25174
35934
48488
17052
51052
29552
37738
92105
88305
26990
16346
48210
30011
68679
96324
30348
33559
29034
90257
14161
96547
13323
54033
70039
16456
96393
52960
23132
37747
37279
63437
56578
20977
24933
72221
26286
45880
79590
42231
96716
90081
96375
83325
22206
38807
77820
24339
8773
68741
22751
3342
41991
48104
681
90821
74657
59569
91837
19199
62584
89350
92329
84752
65999
24696
90591
53067
90084
62642
97388
67060
75374
28924
72557
41952
68661
14156
82500
90154
50090
97403
55051
3126
25373
62191
97098
26207
64780
95360
75769
25615
3653
75093
51523
69470
13204
17594
94595
30829
89012
30694
40107
17351
26266
7274
8451
15077
94355
31092
36587
39387
41051
10906
14525
38675
27398
14458
24819
96614
62959
7931
77314
53611
23544
44108
12745
3593
51864
7582
29215
79339
34879
25145
39461
24329
4029
68662
45735
36548
66313
94379
7433
12853
29280
79971
1517
76762
7939
53695
90692
22004
70424
71194
5121
27015
54657
92495
87299
28148
7132
96665
36442
41530
90683
7806
5236
46200
41298
58024
35799
81867
11273
79132
23017
58568
39440
62098
63732
75380
64820
8859
22192
3345
98171
71384
93733
77426
38009
67666
69835
33749
79307
42496
69994
77001
28164
96013
79974
60370
74001
33206
33801
40139
54359
94814
14048
66023
74629
90866
90384
69702
23491
91598
1154
58365
16703
71695
93407
52125
27505
69772
18019
76219
13798
58151
14139
31426
10344
62199
55519
64068
63102
49922
29378
19097
55667
20713
80143
68759
65347
47823
38623
48591
46359
86217
48628
56985
8399
90025
11039
8611
40446
61041
34201
20819
31061
79150
4101
42320
6968
54750
15411
76906
55508
12902
87637
88696
22957
25449
35937
88427
82416
98323
12381
24506
74557
16876
15825
83752
64418
78010
30933
61103
33674
26884
72228
78228
50706
27643
27695
61960
15442
38604
38212
16281
5972
78738
23171
34747
99469
14934
7974
55537
64183
4984
94884
11864
96409
33782
66037
10007
50097
87922
60364
13600
55681
43216
46942
90750
89721
81359
46029
94382
47377
25027
41026
14720
67991
59165
56538
14990
74627
43082
79700
45654
19326
38588
24264
9998
54897
85342
10342
53029
31710
29623
71976
62735
38268
59163
21830
91969
884
81248
11291
16921
16541
62620
35243
51093
28534
92992
40782
19706
64536
22200
27970
77386
76305
87966
28436
91832
66207
91785
10324
6054
30404
78231
56103
81079
2229
11457
57790
93320
54059
29382
41468
34842
80757
74358
60099
91284
80027
62503
90203
1708
26743
45727
46443
9226
41648
8875
10700
38608
79421
7773
78233
41193
27049
12226
78205
34842
84559
8516
23719
9753
9266
47804
17723
25412
80159
98861
68470
82347
29775
12809
87685
41149
2176
83587
4550
54369
88412
97499
60520
27986
23473
28669
79636
40769
92934
36861
48432
80550
11590
60486
33439
30817
5077
44781
68004
71568
85976
76373
47640
219
47657
45598
85519
94995
34641
97152
27913
87218
15880
34341
10641
56293
25696
25273
44169
9641
57529
11768
77658
71037
33024
15165
38689
51538
75815
63183
68326
31204
98141
3624
43004
50753
32346
49238
93727
80076
57719
92645
59843
15261
46438
86418
82115
37341
36567
7749
59262
48490
75377
33735
77510
20313
14421
10251
36803
34834
29395
36023
3888
41013
54335
31716
38714
16059
65946
12173
91930
77408
14302
3108
18654
75717
39952
1081
82535
92135
17467
80754
16923
63520
83229
3766
6922
55412
45829
89169
39247
63546
43715
25999
85261
57878
12332
88411
31625
48814
31834
77508
21699
35435
15640
81355
93688
52500
34335
63407
28435
19561
96342
33380
46947
59138
95386
32414
20459
21100
93245
34536
72009
97857
56341
69006
49221
99027
49375
65293
94842
65741
54767
5234
53046
63152
70964
56060
45670
74948
4178
76384
37160
26730
87850
32035
80569
10057
84352
34075
38423
45066
2093
95351
30182
36124
19014
86124
94458
81185
56496
19098
75293
25693
50817
8510
77642
6911
89572
87519
41327
35843
83838
63302
28782
58650
5974
40533
58424
73136
24050
76039
483
85416
9200
42053
92110
33260
45280
62616
89252
62108
76509
14140
53211
26654
791
97143
96365
57982
43441
2682
33100
68314
9405
13915
81623
51990
48876
38486
30933
94786
95561
54535
11437
91640
32733
39924
7995
54876
23848
44240
61394
25329
77757
77755
61266
86092
76393
86820
33056
9612
14341
69318
86468
85044
68636
5043
96854
75149
47324
10184
80728
82331
81414
52137
16499
93286
51543
47509
84432
55917
32364
77010
38853
50566
82764
72707
65016
16427
25739
30557
65113
34054
5083
65383
76330
44671
36197
57521
36002
99722
3136
50382
66498
23694
28924
20632
48602
55973
84148
21627
5056
78681
1362
95707
46098
74459
23415
54076
981
83082
21883
33762
49376
18
95565
14210
94845
92698
40500
40445
77843
77398
72366
16543
20388
35694
69952
10862
62659
57294
60819
69846
77701
40697
40548
47570
19515
39506
1584
91578
56578
61352
22993
32656
24234
96704
98463
75919
73861
13012
9536
63351
768
38654
80803
29119
50239
13585
85175
32848
47598
96106
17765
84712
38917
56749
56225
62408
59698
89047
33395
34909
49096
51675
89515
51255
96665
4818
68276
20467
47601
4469
52009
47569
48252
89694
11890
21267
90146
94135
58435
58111
98010
34902
189
95158
22374
67392
27464
63046
93458
76004
15804
98300
84958
12376
77915
90897
48957
20484
8243
64917
40435
38949
5736
72197
99987
43039
97554
34998
29547
95057
56468
96112
46140
57578
63518
32838
32791
98446
52648
82314
43491
45479
7826
48164
42469
50357
7479
90484
40524
8076
38363
22421
94338
6351
37853
6472
4876
83909
31757
96754
72511
5894
70480
61636
33796
10818
87464
92398
33575
76652
73100
28246
75378
41353
15381
87305
45640
81106
66789
94478
93412
73576
71314
83613
67957
52169
47932
44225
65860
75920
36780
17650
94254
97816
25993
60795
27926
6012
23588
65102
9379
87915
82699
96652
98129
57715
91914
93117
27482
57375
5611
46392
36330
90238
92876
97472
88801
22395
48442
56385
35117
43331
79877
99324
69197
46862
35491
33738
64045
49286
29626
52100
2778
76289
52949
53186
75353
31220
43117
45702
98322
93696
33402
27850
98659
2243
55713
54470
90426
17762
49405
60950
53129
41132
69836
4294
16533
37044
49385
85075
26195
16449
95412
3939
7698
77357
30627
53492
51201
1224
31228
31606
41932
87125
48350
53141
10486
61859
83799
46058
88685
1496
40490
12356
6959
90950
88766
74409
20035
91877
58164
2842
8835
47301
88757
83402
67663
77247
62112
49314
60738
67166
6855
9085
84740
2334
38157
24245
41356
57959
45774
90476
54017
58971
54897
72025
81600
67237
28432
31611
16180
1618
66688
51292
1319
75787
4641
78040
59690
98171
27741
58815
98354
61597
21339
37572
52597
77188
7474
19500
13063
25
58771
17222
73715
42577
85598
69348
19821
36116
5788
96292
55136
61349
82518
8642
65078
52144
55728
10657
73300
92930
52346
54601
10689
79689
29365
39933
91993
5052
42270
96370
58567
48329
81355
45223
61077
24269
35394
42665
68273
71810
83155
71121
60481
44678
57497
94362
36526
63740
4472
31880
74384
74741
54360
51746
78555
29900
86698
46719
78213
91247
95157
35920
88804
91960
54049
85443
5004
72601
70696
20858
89229
40966
56198
75469
94695
72775
86488
53229
77591
78023
44220
21267
3412
35901
51333
82561
194
21499
34522
96953
80582
11677
25723
52244
88268
88761
32021
53677
45806
96985
57597
40875
37901
24003
5748
90072
95004
42724
62233
34611
79104
99458
82971
19360
82726
31028
40010
4204
7951
16249
91
5638
86401
57607
87010
55781
87365
85018
77896
67724
34560
67025
98529
42089
90141
98929
38109
32410
29409
94347
70470
68041
47322
14136
61311
379
410
76482
53208
73613
48909
40514
59241
22537
50738
39348
34203
31550
44709
64937
81679
23856
44724
46059
63443
93295
97360
37438
34541
65049
45321
76579
36896
29708
123
90331
65640
29878
27342
23822
94458
7174
51161
38253
42993
74747
10629
84788
73887
11487
86805
43767
50649
86601
40773
28993
94753
8126
28118
37372
23719
29267
77660
48433
23014
16486
73141
11778
38267
60670
94443
13594
89853
36297
77314
67508
16802
24234
98971
77321
51841
52261
99020
43430
95108
57566
19674
97916
15479
12334
44415
89343
55258
12303
4241
12989
46027
54412
71099
49972
85649
42063
48452
92787
91843
11150
1633
2968
98011
2630
53731
28622
6716
59106
44272
29702
56681
55489
91199
96767
15369
68204
68825
20360
67783
16183
48653
9308
43419
46769
71101
26447
43172
84622
49486
58860
66352
46057
89148
715
8599
33373
36535
18935
29566
2894
16912
255
45672
7589
53092
9773
27108
23400
92489
87305
247
24332
44579
29489
93906
51739
28738
3657
67488
62939
64676
93870
22262
77310
64356
10098
12125
46257
15264
1376
18424
75747
54820
87962
80184
35413
95902
28395
77402
95601
23986
69259
59297
3866
33455
41044
6307
21723
26091
84347
38923
34699
46692
47831
57539
52635
33328
38571
55211
58889
39950
